1
12
134
18
78
22
147
52
121
82
20
4
96
87
140
43
76
40
30
99
89
101
133
50
42
108
145
58
126
100
63
104
49
142
17
29
150
129
138
23
81
109
146
79
10
136
64
95
149
61
38
110
128
119
41
107
90
97
24
116
48
53
54
123
106
5
94
143
124
144
65
85
62
45
115
26
28
84
27
102
98
132
11
92
39
33
60
88
36
57
113
112
105
14
51
56
122
131
44
19
83
47
67
25
8
46
86
2
3
32
66
103
69
135
80
55
35
120
72
71
91
141
74
59
15
37
34
13
93
70
77
114
75
9
7
139
111
127
148
21
117
137
125
118
130
73
68
16
6
31
1
10576
